29575635888252
26174379338415
28214394427072
28214394427072
29575635888252
29575635888252
29575635888252
25457018901480
19416276527364
24385072029996
26174379338415
22979416075535
29575635888252
26174379338415
25457018901480
20114948629830
28214394427072
26174379338415
11517839179070
26174379338415
25848447130210
17593072480862
25106404672305
29575635888252
26174379338415
25848447130210
28214394427072
21021243572196
26174379338415
28214394427072
29575635888252
26174379338415
19354482178040
26174379338415
26174379338415
25457018901480
28214394427072
29575635888252
24385072029996
22979416075535
29575635888252
29575635888252
29575635888252
26174379338415
26174379338415
25406546687857
25848447130210
26174379338415
26174379338415
26174379338415
29575635888252
29575635888252
25457018901480
26174379338415
26174379338415
25457018901480
27658927369575
25457018901480
26174379338415
17004945305932
25848447130210
26174379338415
25457018901480
29575635888252
26174379338415
29575635888252
29575635888252
29575635888252
26174379338415
25848447130210
26174379338415
25406546687857
25457018901480
29575635888252
23711726688650
29575635888252
26174379338415
25848447130210
25405821730960
26174379338415
29575635888252
26174379338415
29575635888252
29575635888252
25848447130210
25848447130210
20088293808634
29575635888252
24329635146674
25405821730960
29575635888252
25848447130210
26174379338415
26174379338415
29575635888252
19935927528384
29575635888252
26174379338415
29575635888252
26174379338415
